32 32
186  23  99  44  12  77  65  90  201  34  56  123  88  210  17  251  39  142  76  199  58  120  11  222  101  154  67  200  31  85  240  19
  7  80  55  201  99  12  178  41  63  255  132  18  94  173  60  144  230  17  188  72  110  205  36  97  249  13  221  56  77  192  28  133
  2  176  88  120  95  77  83  24  109  255  145  53  226  93  50  250  1  24  182  211  175  164  213  226  250  101  89  232  242  18  204  86
 91 239 242  82 161 253 152 173 244  14 199 132  64  33 237 116 165 103 133 222 242 198  70  99 106  14 197  90 234 152 174 169
 19 179 140   9 114 225 110 149 130 171 116 115 151  80 190 240  22   1  50 145  94 154 160 189  51 208 130  96  88  27  81 154
241 181 248  53 216 248 125  62 196 101 102 175 223 236  90  45  99 255  18   3  88  41  55 251  81 129  99 152  36 239  18 155
101 192  61  49 151 178 214 240 207  28 168 217  30  48 182  37 182 211 175 220  52  71 195  45  26 109 200  28  42 172  32 131
 42  49 214 221   0 160 231 191 197 157  34  84  65  22  92 106 235  93 179 241 105 248  81  10 187  91 224 195  43 115  11  53
 30  81 211   4 189 246  42 154 153 233  59 143  13 123  37 188 234 191 183  93  70 237 181 200  34  75  35 144 216 248 156 123
 13 177  19 229 181 155 234  61 217 191 103  58  78  16 208 237  40 173  87 211   8 235 188  92 161  51 138  96 181  97 248 227
 24 183  88 122  95  77  83  24 109 255 145  53 226  93  50 250   1  24 182 211 175 164 213 226 250 101  89 232 242  18 204  86
 91 239 242  82 161 253 152 173 244  14 199 132  64  33 237 116 165 103 133 222 242 198  70  99 106  14 197  90 234 152 174 169
 19 179 140   9 114 225 110 149 130 171 116 115 151  80 190 240  22   1  50 145  94 154 160 189  51 208 130  96  88  27  81 154
241 181 248  53 216 248 125  62 196 101 102 175 223 236  90  45  99 255  18   3  88  41  55 251  81 129  99 152  36 239  18 155
101 192  61  49 151 178 214 240 207  28 168 217  30  48 182  37 182 211 175 220  52  71 195  45  26 109 200  28  42 172  32 131
 42  49 214 221   0 160 231 191 197 157  34  84  65  22  92 106 235  93 179 241 105 248  81  10 187  91 224 195  43 115  11  53
 30  81 211   4 189 246  42 154 153 233  59 143  13 123  37 188 234 191 183  93  70 237 181 200  34  75  35 144 216 248 156 123
 13 177  19 229 181 155 234  61 217 191 103  58  78  16 208 237  40 173  87 211   8 235 188  92 161  51 138  96 181  97 248 227
 24 183  88 122  95  77  83  24 109 255 145  53 226  93  50 250   1  24 182 211 175 164 213 226 250 101  89 232 242  18 204  86
 91 239 242  82 161 253 152 173 244  14 199 132  64  33 237 116 165 103 133 222 242 198  70  99 106  14 197  90 234 152 174 169
 19 179 140   9 114 225 110 149 130 171 116 115 151  80 190 240  22   1  50 145  94 154 160 189  51 208 130  96  88  27  81 154
241 181 248  53 216 248 125  62 196 101 102 175 223 236  90  45  99 255  18   3  88  41  55 251  81 129  99 152  36 239  18 155
101 192  61  49 151 178 214 240 207  28 168 217  30  48 182  37 182 211 175 220  52  71 195  45  26 109 200  28  42 172  32 131
 42  49 214 221   0 160 231 191 197 157  34  84  65  22  92 106 235  93 179 241 105 248  81  10 187  91 224 195  43 115  11  53
 30  81 211   4 189 246  42 154 153 233  59 143  13 123  37 188 234 191 183  93  70 237 181 200  34  75  35 144 216 248 156 123
 13 177  19 229 181 155 234  61 217 191 103  58  78  16 208 237  40 173  87 211   8 235 188  92 161  51 138  96 181  97 248 227
 24 183  88 122  95  77  83  24 109 255 145  53 226  93  50 250   1  24 182 211 175 164 213 226 250 101  89 232 242  18 204  86
 91 239 242  82 161 253 152 173 244  14 199 132  64  33 237 116 165 103 133 222 242 198  70  99 106  14 197  90 234 152 174 169
 19 179 140   9 114 225 110 149 130 171 116 115 151  80 190 240  22   1  50 145  94 154 160 189  51 208 130  96  88  27  81 154
241 181 248  53 216 248 125  62 196 101 102 175 223 236  90  45  99 255  18   3  88  41  55 251  81 129  99 152  36 239  18 155
101 192  61  49 151 178 214 240 207  28 168 217  30  48 182  37 182 211 175 220  52  71 195  45  26 109 200  28  42 172  32 131
 42  49 214 221   0 160 231 191 197 157  34  84  65  22  92 106 235  93 179 241 105 248  81  10 187  91 224 195  43 115  11  53